367, 12, 1096, 359, 158, 409
367, 6, -4, 222, 181, 772
368, 12, 1099, 357, 151, 411
368, 6, 0, 254, 215, 712
369, 12, 1094, 360, 158, 406
369, 6, 12, 229, 209, 767
370, 12, 1087, 360, 159, 407
370, 6, 34, 228, 225, 762
371, 12, 1087, 357, 160, 414
371, 6, 45, 239, 230, 743
372, 12, 1082, 356, 157, 415
372, 6, 74, 248, 293, 716
373, 12, 1080, 357, 156, 415
373, 6, 69, 251, 330, 713
374, 12, 1070, 361, 164, 424
374, 6, 80, 251, 312, 721
375, 12, 1076, 361, 149, 421
375, 6, 77, 257, 322, 712
376, 12, 1064, 356, 160, 419
376, 6, 66, 277, 349, 674
377, 12, 1050, 355, 173, 418
377, 6, 147, 284, 294, 649
378, 12, 1049, 354, 172, 420
378, 6, 172, 278, 294, 667
379, 12, 1048, 355, 170, 420
379, 6, 200, 275, 268, 659
380, 12, 1032, 342, 179, 445
380, 6, 299, 284, 183, 645
381, 12, 1042, 346, 158, 453
381, 6, 332, 291, 164, 596
382, 12, 1037, 344, 159, 458
382, 6, 353, 293, 166, 617
383, 12, 1039, 345, 158, 460
383, 6, 361, 293, 186, 616
384, 12, 1018, 358, 169, 433
384, 6, 373, 290, 191, 614
385, 12, 1011, 356, 177, 439
385, 6, 367, 293, 229, 611
386, 12, 1001, 345, 192, 463
386, 6, 382, 302, 218, 599
387, 12, 996, 352, 198, 452
387, 6, 381, 306, 232, 599
388, 12, 991, 357, 201, 448
388, 6, 390, 308, 253, 594
389, 12, 991, 353, 191, 454
389, 6, 405, 299, 251, 612
390, 12, 988, 345, 195, 465
390, 6, 466, 303, 199, 595
391, 12, 989, 331, 194, 490
391, 6, 498, 311, 173, 574
392, 12, 983, 335, 189, 485
392, 6, 531, 318, 163, 523
393, 12, 981, 333, 184, 488
393, 6, 542, 324, 153, 512
394, 12, 971, 311, 192, 529
394, 6, 552, 319, 153, 522
395, 12, 953, 322, 209, 500
395, 6, 565, 302, 147, 552
396, 12, 948, 318, 211, 507
396, 6, 578, 304, 158, 555
397, 12, 945, 323, 194, 501
397, 6, 578, 294, 183, 576
398, 12, 930, 323, 204, 501
398, 6, 599, 313, 176, 548
399, 12, 919, 315, 212, 522
399, 6, 608, 320, 181, 536
400, 12, 920, 306, 208, 541
400, 6, 612, 327, 204, 525
401, 12, 915, 316, 210, 525
401, 6, 613, 328, 206, 521
402, 12, 885, 318, 233, 519
402, 6, 627, 330, 194, 519
403, 12, 889, 314, 219, 527
403, 6, 634, 327, 211, 519
404, 12, 878, 311, 224, 534
404, 6, 654, 325, 199, 515
405, 12, 877, 313, 202, 527
405, 6, 704, 318, 149, 526
406, 12, 872, 307, 193, 536
406, 6, 717, 316, 140, 523
407, 12, 870, 303, 181, 548
407, 6, 763, 344, 129, 468
408, 12, 847, 274, 206, 613
408, 6, 779, 430, 110, 289
409, 12, 847, 279, 200, 608
409, 6, 787, 432, 102, 285
410, 12, 836, 292, 199, 579
410, 6, 787, 432, 102, 285
411, 12, 829, 301, 200, 567
411, 6, 787, 432, 102, 285
412, 12, 794, 298, 244, 577
412, 6, 787, 432, 102, 285
413, 12, 770, 321, 254, 523
413, 6, 787, 432, 102, 285
414, 12, 766, 335, 251, 495
414, 6, 787, 432, 102, 285
415, 12, 761, 344, 246, 484
415, 6, 787, 432, 102, 285
416, 12, 749, 310, 249, 571
416, 6, 787, 432, 102, 285
417, 12, 743, 303, 245, 579
417, 6, 787, 432, 102, 285
418, 12, 737, 303, 255, 576
418, 6, 787, 432, 102, 285
419, 12, 741, 295, 234, 592
419, 6, 787, 432, 102, 285
420, 12, 737, 279, 214, 605
420, 6, 911, 339, 109, 433
421, 12, 722, 273, 214, 623
421, 6, 916, 347, 107, 431
422, 12, 692, 285, 242, 602
422, 6, 910, 354, 130, 439
423, 12, 660, 271, 276, 632
423, 6, 910, 345, 136, 435
424, 12, 647, 274, 283, 634
424, 6, 911, 358, 158, 411
425, 12, 646, 280, 270, 632
425, 6, 921, 361, 161, 405
426, 12, 647, 276, 260, 634
426, 6, 942, 358, 153, 431
427, 12, 646, 274, 251, 641
427, 6, 939, 361, 164, 426
428, 12, 642, 273, 241, 649
428, 6, 940, 356, 169, 433
429, 12, 624, 270, 239, 653
429, 6, 950, 358, 170, 429
430, 12, 603, 269, 244, 651
430, 6, 966, 360, 150, 408
431, 12, 598, 276, 233, 639
431, 6, 977, 368, 149, 408
432, 12, 565, 260, 253, 675
432, 6, 1000, 367, 135, 414
433, 12, 557, 258, 241, 679
433, 6, 1019, 359, 122, 424
434, 12, 546, 266, 242, 677
434, 6, 1028, 350, 121, 425
435, 12, 527, 271, 246, 659
435, 6, 1031, 354, 128, 411
436, 12, 509, 275, 254, 670
436, 6, 1029, 353, 131, 409
437, 12, 487, 268, 268, 690
437, 6, 1056, 368, 127, 389
438, 12, 459, 269, 305, 689
438, 6, 1059, 368, 132, 391
439, 12, 464, 272, 295, 681
439, 6, 1061, 380, 133, 384
440, 12, 421, 249, 319, 724
440, 6, 1069, 367, 131, 391
441, 12, 407, 241, 316, 740
441, 6, 1070, 374, 139, 377
442, 12, 395, 235, 307, 743
442, 6, 1078, 376, 136, 392
443, 12, 381, 220, 299, 772
443, 6, 1095, 374, 128, 373
444, 12, 361, 207, 302, 789
444, 6, 1117, 362, 110, 402
445, 12, 345, 205, 303, 790
445, 6, 1125, 367, 110, 391
446, 12, 327, 194, 313, 810
446, 6, 1130, 373, 113, 374
447, 12, 297, 201, 329, 809
447, 6, 1137, 366, 112, 385
448, 12, 260, 192, 364, 824
448, 6, 1142, 366, 116, 382
449, 12, 223, 194, 403, 832
449, 6, 1146, 373, 123, 372
450, 12, 220, 189, 398, 855
450, 6, 1151, 378, 141, 357
451, 12, 217, 189, 403, 855
451, 6, 1154, 379, 155, 353
452, 12, 155, 190, 458, 883
452, 6, 1157, 381, 154, 352
453, 12, 178, 194, 402, 882
453, 6, 1164, 378, 152, 360
454, 12, 147, 201, 423, 864
454, 6, 1167, 378, 154, 359
455, 12, 121, 171, 398, 885
455, 6, 1181, 379, 152, 354
456, 12, 77, 164, 401, 889
456, 6, 1194, 379, 153, 350
457, 12, 55, 156, 387, 903
457, 6, 1208, 381, 140, 346
458, 12, 52, 146, 355, 923
458, 6, 1227, 374, 125, 354
459, 12, 33, 146, 366, 926
459, 6, 1236, 374, 119, 358
460, 12, 24, 135, 381, 946
460, 6, 1246, 366, 115, 372
461, 12, 5, 128, 351, 962
461, 6, 1250, 373, 116, 354
462, 12, -3, 117, 348, 981
462, 6, 1260, 373, 115, 352
463, 12, -6, 117, 348, 986
463, 6, 1269, 378, 117, 342
464, 12, -6, 128, 330, 965
464, 6, 1277, 381, 112, 342
